% # columns="iteration, evaluation, sigma, void, void,  stds==sigma*sqrt(diag(C))", seed=550052, Sun Dec 15 14:14:29 2019, <python>{}</python>
1 12 0.9338449802450034 0 0 0.9248509807867075 0.9336380475812543 0.9251270699949832 0.923358510879228 0.9355687465914342 0.9403061928712769 0.9335338020984472 0.9370079535398895 0.926875717346694 0.9355536096260526 0.9296073103057486 0.9389460942610025 0.938639500404093 0.9313817339447987 0.9316623574594356 0.9281377297494489 0.9340313052028318 0.9388834489789242 0.9325370343950584 0.9320973182123165
2 24 0.9189378236066371 0 0 0.9198764552057895 0.9154900879425713 0.9100230735202228 0.9097030403320078 0.9196629108275551 0.9242838917994255 0.9160410049930501 0.9223379614522624 0.9118520341375067 0.914983479153978 0.903264505634583 0.9324182654112827 0.9284067052012753 0.91467598063366 0.9245502908294021 0.8997250419132692 0.9173438072570215 0.9224075576167139 0.9204380431156559 0.913015661094022
3 36 0.9385859147042817 0 0 0.956866585447525 0.9350777598983714 0.9245843915548732 0.9338936116823854 0.9393912263385535 0.9425991509751033 0.937484518782942 0.9381949898824636 0.9262195321291916 0.9320118537851665 0.9213301704750698 0.9414510153606283 0.9530476034120607 0.9458122387673377 0.943901115059722 0.9086328175891873 0.9377392054399168 0.941643889122703 0.9382024950139545 0.9238054159633129
4 48 0.9873500345129943 0 0 1.0118277938265399 0.9838248418199743 0.9836014871063672 0.998258372454364 0.9910162260749872 0.9876457146739841 0.9834367580457547 0.9939728279996533 0.9645232190903418 0.980195048632209 0.9616508182792844 0.9955612059390191 1.0143807550123425 0.9979251779070951 0.9937551816076712 0.9482186350245135 1.0084702503388205 0.9843036885398477 0.9866817707097252 0.968012888651449
5 60 1.0159952759719881 0 0 1.0693238761629311 1.0156151977437466 1.0125226285737292 1.0349548071940662 1.0142159484492543 1.0153937734732583 1.0107347644097515 1.014464013626863 0.992408923114562 1.0092657249226982 0.9912400074831855 1.0134634941142098 1.0623355748111662 1.0335615096676782 1.0291292379026031 0.9787148317364861 1.0502022633122372 1.0156327460309313 1.0103050437348018 0.9930370606704756
6 72 1.063332744410775 0 0 1.14078892891025 1.0594270586819217 1.0465334244457771 1.1002560392372798 1.0717295990475928 1.0701557117258007 1.068107160943974 1.055722689614748 1.0392838102411328 1.051573401076214 1.035113805152749 1.0547205842832046 1.111016042539838 1.0819383272026522 1.0765981765248904 1.0145491287080666 1.1000828165119272 1.0675242758155825 1.071151655305627 1.0311362958719772
7 84 1.1216393289550268 0 0 1.239281669759887 1.1159017692642 1.1026583608015452 1.1715846715811447 1.1335981571335008 1.1210948627135378 1.1253250067295244 1.1007703931867077 1.0941699307779735 1.1096951082714783 1.0871615271056367 1.1173620109099893 1.1796195980675974 1.141117817665942 1.1255381572919156 1.0690204264102041 1.1646039192158761 1.1287140594753988 1.1342954375689192 1.0858588847020154
8 96 1.2242288257416951 0 0 1.3727090028670528 1.2144296702484518 1.2033063857107442 1.2859711895812405 1.239441088055591 1.2397629616173196 1.2304725808515096 1.1984194343914707 1.1988207924226608 1.217547196401834 1.1825338343603427 1.2057846226440123 1.2950077891491976 1.2455602180458327 1.2256447980789373 1.154466469022253 1.2704636367958775 1.2330688336532711 1.2506940463628549 1.1855133795525115
9 108 1.3493804801107592 0 0 1.540201755541984 1.33193191891627 1.3271816424446459 1.4184691108651102 1.364436794423725 1.3602612177403397 1.367559080095964 1.3242755628689686 1.320410477979447 1.3341639962989809 1.2972017460502894 1.330829355252304 1.4217569891403323 1.3680729613005087 1.3557438026611028 1.2693001722463144 1.4015797905194773 1.3717174872974922 1.3764679381930311 1.3073679423855809
10 120 1.5123179414210421 0 0 1.7558031855809735 1.4841617638202569 1.484936287777953 1.5913477503554718 1.5315396737964386 1.5328985346654955 1.5356489586749316 1.4677129331090164 1.4663841467517782 1.4963324534943807 1.4274122325101626 1.4949070374156948 1.5876813911035037 1.5310227750789664 1.5397323376581646 1.4279823394073654 1.5736904180236544 1.5357102208255533 1.5577336121180982 1.4786352697550411
11 132 1.6571426430974598 0 0 1.9174502077247673 1.6208293422446909 1.6152380949379361 1.732970454248008 1.6812339589652068 1.670382802018584 1.6772912996245328 1.6032957721096188 1.6121526170714826 1.6435185417605453 1.5613589586078538 1.6388662044864601 1.743956550589204 1.6711061775207805 1.6788630878018926 1.5522718607183323 1.7224342617231274 1.6775117726792474 1.6998708516603593 1.6206262112813385
12 144 1.8536321985215425 0 0 2.160509169521716 1.7858062415301557 1.8104164398478166 1.9347279192432996 1.881109173465849 1.8718632246866835 1.881880258034142 1.8043633756522846 1.8043250430881221 1.835014040844741 1.7378158806367847 1.8361299882004494 1.9526533212911783 1.856078377731955 1.8642683006144583 1.7359238925971678 1.9166618790997336 1.8716199003422844 1.9006209190449612 1.8100839141454579
13 156 2.105801814291592 0 0 2.473847411922988 2.0273920218127333 2.049156999188935 2.1913210868381836 2.1305600965116067 2.124069096265104 2.14325727968173 2.0401104959678777 2.045734835868845 2.0926415072002573 1.9700651517457024 2.0830840676147626 2.225858483575414 2.126982919591113 2.112058845762057 1.9593920595545609 2.1793997812133 2.129047478163624 2.1568857334685854 2.038469233570773
14 168 2.3469607804697423 0 0 2.748941348751944 2.2739065245931456 2.2809806689197294 2.4393166415300107 2.370692220487146 2.374093613386074 2.3915046983084953 2.2760939149678197 2.2676882919631995 2.2982936572555817 2.186272886823377 2.298595483629922 2.471065831898731 2.371039908228915 2.342667894192292 2.1674986345655394 2.426502488226081 2.367594685571318 2.396517054023956 2.258271441815843
15 180 2.5645691344358346 0 0 2.989962025371372 2.500728128461131 2.46981207647596 2.6654487869599057 2.6150867776705162 2.6094861223475476 2.6107897952705628 2.4762941190026417 2.474275474737311 2.5152033125973774 2.3778480784713745 2.5250108993988545 2.7177415346379803 2.6092318510402666 2.5585935169200327 2.3692301810577816 2.6333911758675534 2.5734351737082273 2.604472159344749 2.469349963736243
16 192 2.840643726698793 0 0 3.2880073534412433 2.7703420582607023 2.687216069864743 2.9431623534743827 2.8967796500027454 2.8923799490568944 2.895375156356354 2.7336567075992004 2.756375468350573 2.7837303152143233 2.638974212523757 2.781457029605723 3.01123724030434 2.895557727044715 2.829260480037755 2.5975861044715414 2.9215040194877773 2.8464765318614242 2.8759869762899886 2.7145056690609093
17 204 3.2700451381511915 0 0 3.8663390573250127 3.173675275783407 3.065811237397153 3.395538463302415 3.319203080868505 3.3103659082456973 3.3432669166160127 3.1391982311778848 3.1736598206403945 3.187889838672533 3.04599646087411 3.2140064121181493 3.439788754708765 3.3119794132015907 3.281084373005569 3.011553423930627 3.358881309378167 3.232030072870065 3.314532531081088 3.122395909664012
18 216 3.715746227228167 0 0 4.35758607730604 3.592664421983317 3.4812716257533185 3.864265353548952 3.7586188221850114 3.766009488857808 3.792211087250487 3.570073195460093 3.5828268493111977 3.5959759731886205 3.4376171088766925 3.645669386897817 3.9153368728127935 3.711375532277985 3.713777554477825 3.4141833345354216 3.7968499152246307 3.6614591110315806 3.7713040449488804 3.5575302429950284
19 228 4.27594837505714 0 0 5.023132827428837 4.131481721099783 4.007126528672298 4.454739178634443 4.287425983808656 4.284943392392096 4.371514348249965 4.068607258264316 4.115809194567272 4.14786653762297 3.985951926146317 4.181235369673676 4.487200622011977 4.329922013689066 4.294097095465132 3.894596394626548 4.430081206426256 4.158662997361646 4.338210078083079 4.100709976364683
20 240 4.882379844458396 0 0 5.724988143432918 4.710449844538759 4.555424977606362 5.083272678141458 4.898290100504592 4.931631226148053 4.992612970444882 4.631147518186681 4.677542061808237 4.720713664853412 4.528034158904903 4.7491681590055315 5.137375959897703 4.979305748962088 4.875935451486308 4.438907014672399 5.0646140380966616 4.7412263917587545 4.960442237285537 4.692644235863676
21 252 5.591375578034166 0 0 6.581987743570047 5.4472855525492365 5.238470538498266 5.753231006028308 5.575286294870957 5.624175418146954 5.70979125784567 5.266441049709765 5.370651448257143 5.397229154810609 5.152153968928354 5.428084182822606 5.933952004393395 5.697110432242266 5.590638331852064 5.105151693816583 5.76964415878863 5.404756510247286 5.6498980120004445 5.389810034271139
22 264 6.342569639122465 0 0 7.503555815902286 6.147799874719557 5.931420712001902 6.498910449647326 6.320767068355628 6.423778923152135 6.4888179427744275 5.917597285129243 6.093994915998712 6.018932610381914 5.869379064018133 6.151605836062324 6.665294109048926 6.4514309285485485 6.32914586648905 5.768783831786831 6.521858865015222 6.1413837100547966 6.4351123307753975 6.1014234426398275
23 276 7.387638390118213 0 0 8.849157736944774 7.153873255905463 6.900007430583825 7.563730228233814 7.320661638846446 7.458154566277921 7.559956893865029 6.877088187875986 7.081225501435399 6.948347549559888 6.8018348335522765 7.097939945341508 7.686481920916018 7.540491049088339 7.421368470894366 6.7425770094445765 7.6083054174469344 7.199055749262261 7.483554019940378 7.0915798713811435
24 288 8.836923722187857 0 0 10.706597995009716 8.551077195960357 8.227924265163379 9.019926187409155 8.744662904820489 8.84620515228209 9.017881416415143 8.187309863526396 8.356228442478667 8.348405588877029 8.092531503963878 8.530164129175958 9.226205235537392 9.072237484639604 8.821053877063928 8.066045629790755 9.05733165453925 8.62075071966708 8.879377448565258 8.489572416561309
25 300 10.264238597312941 0 0 12.420299033523293 9.949966643999678 9.326647767605241 10.454176730693419 10.082577003673245 10.202644672951793 10.423943832102323 9.438990287348755 9.641303185217474 9.719629658067872 9.416725051960409 9.923922981927731 10.645542498212707 10.550707744876126 10.24960696522366 9.32603102856254 10.564236195657864 10.043998808868826 10.299663527023917 9.850789589814577
26 312 12.05247839743297 0 0 14.671010084356205 11.630578942732203 11.031865871030183 12.24458820360845 11.789797070219171 11.98198484311689 12.401254627012149 10.89850342833054 11.250313620132495 11.534065117332005 11.045190041634063 11.722847898190606 12.488180748981243 12.385178671281489 11.95721978533863 10.832045486426557 12.48713414158826 11.755750212194213 12.056359239974746 11.590691673592406
27 324 14.3117771651536 0 0 17.511902889316666 13.754925955946408 13.071068221178404 14.455770332511973 13.941188989293995 14.211828585672023 14.777427671412939 12.917052462307161 13.351349669678907 13.62340356699397 13.030993168248031 13.923987329780575 15.038523160141844 14.66088453048326 14.208181356039706 12.87427413246866 14.866429555286999 13.826781017233994 14.355258529507863 13.927335569827866
28 336 16.608921155378766 0 0 20.28246435450932 15.943457947185754 15.14922669678528 16.867426656427668 16.134642146184923 16.46280346502726 17.091465073106296 15.016993077758704 15.447510197666377 15.799018132399889 15.047244454471862 16.094742020976295 17.41538239237253 16.89246212678872 16.481826264198226 14.833373377781648 17.18251652681858 15.993180938428 16.769090295940448 16.19457300193999
29 348 19.355343967594848 0 0 23.826941569621557 18.552861819531238 17.656913850679565 19.739333901536483 18.7768901272107 19.0909687003847 19.83833999576982 17.531118757465855 17.813548680990486 18.336425445754003 17.453876740403146 18.845271400808215 20.280270170545947 19.6633514310627 19.17306644473377 17.136704418934002 19.912357436363443 18.585564491065373 19.592887978131234 18.90654839970605
30 360 22.29414291214161 0 0 27.413170121867402 21.417704036990404 20.111030938314784 22.64113985185194 21.782454953960986 22.005399368512577 22.837321138269882 20.210727962320092 20.48913849439381 21.076837951833646 20.039083945391262 21.185031145605368 23.43068394085572 22.447567594242486 22.047216621490268 19.819541072808953 23.033247724110115 21.512764035087407 22.559671875187053 21.749922188810068
31 372 25.64641503024395 0 0 31.359091092773077 24.326143177705763 23.2704341170515 25.901788153558233 25.052378422906436 25.24760118273489 26.249557735646185 23.283249827370685 23.532133761658127 24.2122733743094 22.884652809576142 24.274731192165323 27.048613390052132 25.872999835321032 25.44317263807211 22.474731394418978 26.504682235313098 24.67837961628716 25.96937497841503 25.031796128069217
32 384 28.184122190314472 0 0 34.142157170735274 26.664350636833127 25.474622365309827 28.493997174423566 27.559386465769048 27.599893367334886 28.80570800044366 25.609470923455167 25.763911127379426 26.559652154029234 25.142552962096424 26.75735983612889 29.620920529805836 28.392090266619395 27.850770050597642 24.720406721471385 29.21908377628952 27.03575621475569 28.605928482251063 27.317553293371542
33 396 32.619460670176366 0 0 40.14204876532448 31.3229449474019 29.405912951225183 33.12141141415637 31.662537014963355 31.876049426448443 33.24664858002241 29.839749750193707 29.880332628882602 30.38043237653272 28.95281515565925 30.99158587102855 34.14253860155402 33.06031203471897 32.005883375148066 28.63781741755028 33.74982536967506 31.42582607824903 33.03674348128305 31.56638702174936
34 408 38.00034091787427 0 0 46.95056541516691 36.33841070674561 34.011529407173285 38.805962076455444 36.760280176871575 37.29534436701656 38.69577097791599 34.7947702336611 34.57568214794345 35.25795468079221 33.78513262050872 35.994809891829554 39.404179786082885 38.4787108818462 37.40707301574433 33.401517735811346 39.288247664818286 36.71686910352872 38.37987082236408 36.38254143221617
35 420 44.132690750589354 0 0 53.48907436538484 43.613933779755 39.94976833707917 44.81881932414731 42.878040961964565 43.494629976835775 44.87937391941005 40.32329820713127 40.22407525163862 40.95584554956319 39.47392696179241 41.659047619897855 45.665138568837236 44.416432145498675 43.6458338845137 38.75180738635102 45.476145339128216 42.40039523495348 44.3788356805427 42.41103380775253
36 432 51.13423049025525 0 0 61.26790969869499 50.24256357534676 46.20862772405318 52.161816136252845 49.549757843834264 50.3134069238806 51.876530531329415 46.81627486534569 46.38420362536639 47.465099522996326 45.49189103471319 48.159103599866214 52.88146088450367 51.77087556621185 50.66114305503407 44.78366017678785 52.65248590541261 49.04701314515842 51.45418254884077 49.34187016583759
37 444 58.54018446763892 0 0 70.24784383240109 57.578825629462884 52.65674422198399 59.58349467398584 56.817902034858164 57.241779525693275 59.52167176395946 53.088591379496556 52.77600031432362 54.474247230648295 51.9668774064075 54.4808306864593 60.82257997811262 59.005740441398515 58.120614030602916 51.35688288338235 59.77430042033091 56.10153892996996 58.84462462445339 56.63333113552272
38 456 66.39778423818191 0 0 78.82633692526059 65.12136829753422 59.455073051383515 67.24380835153454 64.44050757278411 64.81014014015815 67.468051282253 59.763565242815226 60.33372852718933 61.839157696376304 58.663102506463645 61.64335936763524 68.83754012946848 66.96512987073788 65.23540283857353 57.76381659546242 68.2761774196794 63.894484268493244 67.24040815695412 64.21076539837028
39 468 73.09668986801184 0 0 85.0165449677418 72.22501367964415 65.52169479475758 73.56192989444958 70.89512981874937 71.16014543860271 73.8637368593535 66.12360068012659 66.17346571089578 68.09268312042148 64.55421756839117 68.08555337037338 75.62631858920875 73.48510252092058 71.9551183718662 63.14635943622493 75.1089040685658 70.18068355574745 74.12875651894556 70.3897343294137
40 480 81.45414670317425 0 0 93.19660919004959 79.84837872316693 73.37090295301546 81.53521418465638 79.31780215595178 79.58996563630691 81.75333993798719 73.58718858299353 73.88078309290162 76.22155558640549 72.52735003989423 76.13189087394517 84.51877588597206 80.26017695923639 80.34537262689885 70.2535777741169 83.71659571472244 78.38054929061552 82.43204582867467 77.59338855043872
41 492 91.7323590939901 0 0 105.3659486948082 89.96363880877493 82.65668717920497 92.61460497879524 89.22105153294632 89.61518880931006 91.27603725448009 82.75178489443367 82.8745061698521 86.07257786612337 81.8509469378245 84.99791134215617 95.36486932350068 90.3949598628422 90.12093330000263 79.27392377767708 95.49193273472964 88.08204995913387 91.76226634380771 87.11039251545247
42 504 103.51114506796353 0 0 119.4299070050485 101.17792636645378 93.18629274267573 104.46464586067465 101.1074234613768 99.80014080469378 102.39663410916262 93.12991363284782 93.26487286702378 96.7285590005457 92.41289081727737 95.88148815984565 106.66899085186834 102.087158562026 101.4171235783292 89.48555193070455 107.43280386148501 98.2324980195291 103.27938749035984 97.96503666171083
43 516 114.75380351899419 0 0 131.1217642963185 111.31079807824392 103.10115251204066 115.24300580469229 111.84653220781365 110.56281331023318 113.50511469564651 103.47272531384874 103.45246164083058 106.78231125218917 102.50119658786616 106.27228674509647 117.57624486573542 114.66403895638814 112.88090607524204 99.39098521543447 118.12947015894706 108.7407311739089 113.29647576393305 107.85547352667774
44 528 129.16827608098092 0 0 149.22808580635953 124.31267767752134 115.59600137515143 129.94830930453656 126.14640320553887 124.55262370526175 127.988910505027 116.30176878458995 115.91323238412909 119.7797529445036 115.3104084071645 117.30240279094694 131.40476992496633 129.10018809022807 127.34502009938839 111.09167663101898 133.0499951100666 122.94356603704476 127.39868721079273 121.86458329668734
45 540 148.68146632005627 0 0 170.90872603542806 143.39689824963753 132.60972597908543 150.17788283654727 144.23748880520304 142.86724005411418 146.0648962311369 133.65795001899892 131.63676629018798 137.741264707989 132.9355718443819 135.26555210925198 151.27276847738545 148.83523829444223 147.1594525455689 128.08380799205275 153.2479451475026 141.24998975935924 147.04978670919314 140.46664005368447
46 552 172.58636240732372 0 0 197.1858405716787 167.11651136099312 154.04326908681003 174.45949066933386 167.16966324072234 164.60659445533116 167.08710350399804 154.76537366837172 152.96794307777088 160.1350833032966 155.15711536255625 157.2182026282607 176.27602971280538 171.2382175272349 169.94240578585269 149.02170461125272 177.2041470365229 163.63041202133923 171.1604130609947 163.0516109001319
47 564 201.72701852422583 0 0 231.11895601663107 194.2211088587147 181.25596555953987 204.64467359163876 194.57052279945745 189.15385757576308 194.8195314401492 180.98764334527954 178.7628647633445 187.15713680808435 182.38233096699128 183.39936113487104 204.67093872302547 198.6174287692058 197.66269153474403 173.45797354312643 206.7090300317423 191.00322599156104 199.42553223584343 190.9419347286977
48 576 235.98117272843663 0 0 272.63017291773156 227.13252163691683 211.75933972330208 237.44268402166125 227.61569529997485 221.34971341425629 228.67175922691436 211.3738175505926 207.74525970365943 219.9570670280225 211.72659246256373 213.05026376549793 237.484755489523 229.90117990888072 231.11925080687908 200.0166364335693 241.81441135984753 221.95207644031407 232.8015246759117 223.89220335185013
49 588 266.4781849614716 0 0 305.57833237775725 257.16113045377244 238.7042822491381 268.4899553020266 255.52882815724405 251.34684616562575 257.58817143221495 239.03725360746554 234.14550136862968 248.06253503365028 239.0980770275588 240.24905288276008 267.63951418348745 260.2290049302954 259.77679795826674 225.5351399136679 273.72059652735965 248.0129697993862 261.88707803302196 252.01034406439862
50 600 309.2873888398775 0 0 358.6923212258523 296.32138319871524 280.38692272001174 308.9511508305537 296.75827630119574 290.1891754537526 297.8127071717182 276.11885825566213 271.3708335737992 287.8052992051399 274.9758223984286 278.3264289688133 309.3820175038708 300.73021812743184 299.3505098981616 261.59096926004435 315.03988299815376 287.8913739200316 303.4130306475052 293.29813006122424
51 612 353.36748722056774 0 0 406.82860283992255 339.25488685184337 318.3767624324069 354.98567709965056 339.4518270820166 329.9970590345581 339.12108618986184 314.00813189378977 310.20211786958197 328.0184415214112 314.25001663530134 316.37444603691426 351.59445047546876 338.9411420014491 342.8827402535077 299.3646671415643 359.1933813835141 329.1335130264586 346.57191128778123 334.84063968545837
52 624 427.67604300551807 0 0 502.968821894229 412.25548108925506 386.28616864956604 429.9572800377778 410.0840941240661 400.98912680112204 411.24558958864714 381.3249684268679 372.5995900019477 397.966790333718 379.82093785058714 382.27713338814755 429.7578455714938 411.2581306204243 413.1770133416445 362.2962608245454 431.1889521981271 400.67968198812184 409.7409571671172 404.36693190276475
53 636 507.68542410433554 0 0 597.7186996568348 485.45076421385266 461.33966757939714 509.0542431172554 486.3047420714509 473.34351091443057 488.40726292717915 449.0780871381644 444.4564291894494 473.26899686014343 449.202884787726 452.8356447188836 506.5640615367255 488.74670312285576 489.79973379658594 424.0798465868005 511.70558384190184 477.17384251616494 483.8887837889485 485.05314480626816
54 648 591.168451837711 0 0 688.9920477477687 563.4745072097883 536.5177796535555 590.175105360544 565.0390600851259 551.5971815971835 567.9878471316272 520.918725302285 517.0900430762958 553.0460812484545 525.8897362707713 529.536534025926 600.8761312330791 567.4481653007169 568.5948251330997 492.7574191906463 594.3487840666688 549.5833140206905 555.5888407278917 565.7151577378455
55 660 708.5511236727807 0 0 827.0411855608725 673.2948677293083 637.0910847987997 700.7113133530228 677.0256939151677 662.6426339535067 682.64925693883 623.1813062794389 617.9986891757624 658.9347802456351 635.14069733489 636.5613862095646 721.7911836932852 677.582792771121 678.367677861159 588.2276807739427 717.1712971599189 658.40824679749 663.1808373010688 671.126376294362
56 672 824.3476538381049 0 0 956.3236702118423 780.4120721699081 741.0618815364077 815.4651864799399 784.7062846359702 768.6055303635544 796.2958314436852 727.0192586813642 720.44569431166 765.3081040081554 737.0452190121484 741.1638504479847 848.5573666763315 786.2317505099536 793.2076573296547 684.733679635801 835.145784332127 761.6855932422801 765.3947101550276 777.5356534196101
57 684 979.542775858561 0 0 1136.2197979513016 923.5176848505517 875.5629975410909 971.2816753814664 931.3916026714567 912.6015975146132 950.3422094108292 867.1508776414314 855.647649087353 906.8281924859933 877.1597845745961 888.4678678505426 1014.8579178505989 931.992122669135 934.8442555127818 809.2747786543031 992.3398672168012 901.852680529919 911.3132874554079 909.0601949202511
