% # columns="iteration, evaluation, void, void, void, xmean", seed=550052, Sun Dec 15 14:14:29 2019, <python>{}</python> # scaling_of_variables: 1, typical_x: 0
1 12 0 0 0 5.435874929655675 13.470632735706117 30.33375718314504 61.11737951702059 72.72741947989645 84.62790681090267 91.77008413064775 90.17485400417019 79.84392466840887 57.51829464008357 31.15219595088056 4.360501382009076 -26.756576038319185 -50.37541631440754 -64.75080402331749 -68.5555396765925 -69.91516170285297 -68.62854758859574 -57.64535021514747 -43.19394284540366
2 24 0 0 0 6.6883472381271005 13.078338280452847 30.014487272087454 61.615475046110035 73.20769634752564 84.86429045287143 91.67253987422471 89.56723779011439 80.13693483148539 57.381465583844715 30.94238924280081 3.942396029902149 -27.58300921944497 -50.869946530698556 -63.75235495338618 -68.41654161480642 -69.89118926318443 -68.32446262915744 -57.264626922823325 -43.17236771309924
3 36 0 0 0 7.789665344799902 13.327588664900798 30.02280931503229 62.01292149721543 73.33279700820324 84.89435767916223 92.16470082844013 89.54937250544079 80.01565464989162 56.984873430891724 30.558314088190905 3.9822695780737916 -27.977748578526512 -50.00466017113938 -63.588476460114066 -68.44040946687646 -70.44142493587917 -69.08959204831417 -56.748366603176414 -42.78692677361441
4 48 0 0 0 8.216286750206468 13.872228853060824 29.497439813876003 62.590950965326826 73.87881892783528 84.60684045280769 91.74468769089931 89.12305560833673 80.46682502059441 57.26606006593747 31.211163090918784 3.970811698175725 -28.63426592112626 -49.55368421020216 -64.3815848035057 -68.99119654305618 -71.96904051010313 -68.46944111802087 -56.337451525216245 -43.527019059062106
5 60 0 0 0 9.357796696511263 13.264122371539765 29.69745146087058 62.79917280636709 73.29699062310925 84.55585827029115 91.41300263073707 89.70140998561892 79.4735069389542 57.69334824163325 31.640390950587314 4.528599583157362 -28.98244648881967 -49.47086667894282 -64.56219584894416 -68.03691827968386 -70.53808309977241 -68.9735920150513 -56.843561993949926 -43.01580652502048
6 72 0 0 0 10.187642907028627 13.581980950982596 29.188540201186985 63.18846036991225 72.34553860998929 83.94544002447965 92.41419889389806 89.58852454595619 79.83375199055104 56.90651476205119 31.579865061245606 4.146088307848049 -29.068644732857834 -49.16529492323303 -64.11412423997511 -68.30586796726824 -70.05022244432564 -68.26920204800224 -55.43442923094153 -42.78223056080736
7 84 0 0 0 11.269740054434727 14.284921503870844 29.294446295998547 64.03318045815422 72.31134753522564 83.68950661828009 92.89990196686404 89.38356823726237 79.9222902816019 57.51206456571304 31.008454795993337 3.4960839315738306 -29.534618526119626 -49.15209323078213 -64.06771629798892 -68.92728624725083 -71.10122690076345 -68.93352292399251 -55.861555496989254 -42.49108882057533
8 96 0 0 0 12.917612662491079 14.27980429605372 28.41890871402372 64.41574240123096 71.97566227785704 84.15492611973846 92.66256459102287 89.05385226147371 81.0257986870171 58.6118259191383 30.95062370191378 3.8260522438637397 -29.554402474988912 -48.14768758011002 -63.67022072167214 -68.67979954570146 -71.40192219155016 -69.25250542335408 -54.67302322065659 -43.22805873757176
9 108 0 0 0 14.748125257989198 13.746151812159141 27.81398199570068 64.37695905479444 72.36135112629154 84.6597747599968 93.20986499596647 88.01302950027521 80.61191154923716 57.6487469966512 31.186841218685647 2.9150779647128098 -29.02075422941008 -47.92109722432253 -64.10355298859737 -68.72334155160978 -71.84591583751141 -70.49109365880962 -54.44655681167656 -43.98200412856305
10 120 0 0 0 17.15362307118746 14.20933336202262 27.624877837228475 63.94594183111463 71.70373115790863 84.00984768075634 92.92818454456545 88.22148565523287 80.54519292947623 57.70424876553709 30.635923003969722 3.464067404364695 -28.74463206458461 -47.75457587639662 -65.39330275336332 -67.82277164062705 -70.92059031337712 -71.3333668526438 -53.96979806522908 -42.788777856302566
11 132 0 0 0 18.046912963028667 14.039209037964659 26.483656271350434 64.35961644047472 71.45697524112897 84.106112942683 92.86060657458896 88.45678055626607 81.97754087106644 58.0891943851986 31.865686922246123 2.695441311115851 -29.189145196531914 -47.26936879533828 -64.02795672174913 -67.5640113026086 -70.22938991013811 -71.02350612581577 -53.337957370752605 -42.528502393646484
12 144 0 0 0 20.733769344954634 13.76759373393968 25.84191469602474 64.04303065612078 69.82763561362488 84.01088084288982 93.4958651018789 88.73293873032664 81.84451621300589 58.90834591950792 31.957308592409845 2.6225727986592755 -29.399416153372062 -48.07405441419701 -63.62548921141495 -66.12134497081354 -70.50481167186373 -71.74752170121111 -53.86833427333834 -42.01430767332964
13 156 0 0 0 23.230981332276986 14.637950381123046 25.79256153335397 65.28006181212675 70.23568360561089 83.62687648895485 91.70990182060157 88.97527849095944 83.22104403390286 59.764042387343956 31.008514691865432 0.5652194591668787 -28.392164088207323 -46.229129843249666 -64.0905522581713 -66.48038633623526 -69.47309819051671 -72.46206023232531 -53.79587243333062 -42.035209764330475
14 168 0 0 0 25.97143187603571 15.098637254955065 24.477098878605563 65.30505177312507 70.2203912449805 83.60137912794583 93.24843524711716 88.60026355807537 83.13928143050099 59.4712437458211 31.647320646649774 0.7556800381058656 -30.049345393988297 -46.89242855031146 -65.34655387675183 -66.80333358881977 -68.28547366347021 -72.54445415577642 -53.15551517509141 -42.54874260213467
15 180 0 0 0 27.383024594094287 16.988204757981165 23.908399820111384 67.371925012941 68.54501523629955 84.6567522635196 95.2833323248276 87.85993977264448 83.80253310153505 59.219913576776 31.365366509377566 3.085197771265224 -30.29722785677107 -44.46466755567764 -65.41755233926249 -67.20886631240958 -68.78601129439217 -71.27880095888418 -52.844610038830446 -42.153538801865245
16 192 0 0 0 30.913366366415815 18.352339652430047 24.116249365858636 68.47091458411775 69.1463725431908 84.55732928249758 96.85746757346294 88.12563657701588 85.45369958896384 60.28655476704594 31.920587228421027 4.1506750303784745 -30.250196065244797 -43.606828663942736 -66.38650949083873 -67.43771354845697 -71.84340766876576 -70.46614343786115 -53.4637532744421 -41.199436292214315
17 204 0 0 0 37.86954636294838 18.87776550107371 25.1938474428293 70.30998607801655 66.97447322900612 83.90947032288126 98.15917350432795 87.43846713321425 85.71805724312331 61.618876438782785 31.02983616734738 1.955768244397884 -31.6236694335845 -43.107065962522235 -63.69730053283116 -65.1370154632854 -73.78435942854657 -71.0689490443099 -52.83434752772718 -42.57232872313323
18 216 0 0 0 41.98506867406611 21.7755749158136 24.497943904427544 72.47672078969525 67.17707788772637 82.65692691438855 98.14750890160192 88.09216157964694 86.38377395299412 62.439871002553005 31.59921220897927 0.26422277761148116 -32.63440391708582 -43.64340588853463 -63.87962930762102 -65.45419670121277 -73.28025234756389 -73.40741531567116 -51.77062589127877 -42.43309759074875
19 228 0 0 0 47.33514080792248 21.55460572308699 22.767557058807355 71.48986591063033 67.25723214872765 81.5371531752277 100.69127358611308 89.07787150746786 88.7564630539716 65.32495582587492 34.15006631806143 2.1980588901474922 -34.81507098435441 -44.06713182787407 -67.60463222683954 -66.04842611076545 -69.16829990379591 -73.73511241046921 -52.21382354059192 -40.10475052216068
20 240 0 0 0 53.72642383950068 22.46498543709177 25.267495721761524 74.21071933993095 68.8425209988334 79.00955049969235 98.96013512249817 89.2996970164229 88.89953136270859 64.31960475805919 34.87688685020819 0.9583780966631572 -33.49519235761884 -40.07393812619519 -65.56172621089704 -65.53470359700019 -67.70382429226079 -76.04661427482446 -47.89933723139236 -39.36201000120968
21 252 0 0 0 59.55085128499432 28.630468795606102 20.8250304646778 74.46175874645131 68.52988299594291 79.48455597759232 99.2869795830094 88.44446703425085 89.94963119935638 67.1484070047195 37.13867931256267 3.6023934624914515 -41.81108684124748 -40.668060992155496 -63.124889490591535 -66.34648909145236 -71.13894285681461 -77.28901728861909 -46.543315438301775 -36.29591936065028
22 264 0 0 0 67.97927761050397 28.018538228084928 20.277146788591928 73.82205268242846 63.25274629343861 79.54411136892226 99.21607534639875 88.67751313531504 86.73429833846627 66.46656599784187 35.29812228970448 2.08445468887405 -45.479367078794866 -40.5662933718588 -60.993543019148746 -68.12128270400153 -71.55368041281334 -76.49049462021596 -41.01838006390463 -36.9191206807936
23 276 0 0 0 80.08213109767608 32.11401587633584 18.015027608058393 79.2696371816852 59.98322267267414 76.25657831093207 95.64899136692979 89.20840154716262 84.56197173220535 67.84857501036394 39.54749491256566 1.6536984873166538 -46.45141571804109 -39.15307940886015 -53.58220847886869 -67.40588380969803 -71.16744323952287 -82.13174949068537 -42.32202690729057 -34.03439800852963
24 288 0 0 0 95.01144636396079 34.107902080190414 17.98987358934449 87.98041543684168 58.91447954505912 74.81504989454496 98.59380271564407 86.76704252278309 84.62588092238195 75.70709837249625 40.22906719482581 5.763091860185423 -52.69287673349373 -43.968268820741656 -51.834800874733816 -62.702725890052704 -73.71310748514742 -88.65068158399221 -40.01213814245536 -36.57553939150585
25 300 0 0 0 104.77495625954816 26.184102149238072 18.396106218129837 85.54398624332492 53.55949504479094 75.7194188334235 105.61702421601959 84.22904482720591 85.24515705232263 73.80953703456711 43.24741505835963 10.611265604569871 -53.99886829967913 -44.76832749955122 -47.83882011873193 -65.26774601179794 -71.52786075938185 -88.01845041491137 -39.939991616839364 -36.439022684458216
26 312 0 0 0 121.95231062969977 25.795785802088837 15.048771453961027 89.53941248665883 53.90167809785 75.97204465504899 118.71197628522677 83.55847729262831 92.92551073516147 79.95537728436548 51.97793640818293 3.5350694958700704 -55.51772146865345 -39.381686872486775 -48.08887852531763 -68.11086348648699 -80.178843399419 -90.69439176485926 -42.96437918331148 -29.846338352066606
27 324 0 0 0 140.67094704678803 22.749253923957554 15.794083808508704 94.31863955687098 52.107269069380244 74.71125340715867 126.86331085632486 88.58472421668371 96.8804417647235 83.53094001060029 51.8403735502788 5.004630510764247 -74.22944272980791 -31.038305211925877 -48.54238078239697 -59.8464458420695 -68.57929739393632 -93.30723745804369 -39.91444468179372 -14.530671155847022
28 336 0 0 0 158.32019886124152 15.387376664401184 5.310019939428171 92.8718030832973 56.06317934765863 67.33432266528051 128.08792721063872 79.77034004007483 103.83463691020374 76.32568461092517 51.29918144655841 7.441177681681494 -76.40059770981 -26.949170338183563 -37.7857653882054 -61.58180237277211 -68.51163712905125 -92.83575417084492 -51.63393048060928 -14.297983460633137
29 348 0 0 0 191.38573552363357 18.672319237136527 2.6755010036414983 108.74962770077447 54.959490503160886 61.15235919919039 129.7260980750128 87.54245048055547 106.57853504290503 69.22839106302591 48.24143133873673 -5.447753881049487 -94.58280791619437 -27.42220164987283 -37.67392164769695 -59.31724190068992 -72.3861645968833 -92.67692637584636 -47.601630295778534 -21.325338138006774
30 360 0 0 0 206.9065794805003 8.750299508074312 -5.634068538806892 103.41388639683966 50.52691189623793 61.05484176488878 123.8305748388659 90.21861736444203 117.07293472381684 71.3297514538591 66.91751737338096 -9.740973311483607 -112.19169688716867 -26.399444806129683 -39.5336875443478 -37.200383577326946 -74.04799164781966 -86.82918904598796 -39.3938293837624 -20.385159109839268
31 372 0 0 0 238.72752210128198 8.06135228129687 -14.881825709928195 105.59065228234816 60.14204534907779 55.30746172139968 134.15885556842073 83.88707583333363 114.1431610038112 79.84727080891314 71.80166475359697 -10.848626733986936 -114.20175081956249 -38.3141907985849 -30.389661262340134 -23.522410848227462 -88.30284888781472 -74.14713655589199 -40.38608706337133 -34.879987565581516
32 384 0 0 0 255.19150724047682 1.0000356084012259 -19.071138881302428 113.26866630877372 69.9230125778892 39.65332109562442 112.38463064310618 61.22923251381654 99.14719103618906 65.72987823283569 57.39397302595287 8.170085566925842 -108.03458264858453 -23.82972913749171 -32.72951610275874 -32.78630313454574 -89.2619932197478 -77.12936762314409 -24.243770546054783 -20.01071376675247
33 396 0 0 0 332.9134207268779 24.856552776527217 -31.505540069660814 145.4875600685869 77.40629920762555 34.49994008440172 121.63785396679606 44.66230984894459 106.5339292014798 56.975207463519205 58.719920086423514 -2.728379502733894 -122.79040933465598 4.981841351090779 -11.763709236957915 -39.970199726279546 -58.858916479810844 -93.96243057519537 7.4987412992355615 -1.1379503524870245
34 408 0 0 0 387.7059797323594 49.5778016670083 -24.40550167951685 173.82647040933327 109.47536350083891 23.048658407103712 119.8375079109678 62.097229876414815 110.13376861783861 63.08978132912816 71.07902169208151 -13.972088780934927 -129.06238489721227 10.600819555119076 -11.196447666258575 -54.50180013483661 -50.98448125021455 -104.95683804901937 32.934930765568204 -11.486908379864014
35 420 0 0 0 426.4611132063818 82.4118183087363 -50.779796398359565 211.434604669231 116.64149705124287 -8.996262707360717 110.04636503974001 74.08267549814047 95.63551148676937 90.03420741206398 100.6255916438366 -25.295179473307847 -140.50003228122637 11.939737349709196 9.532277242963755 -52.58140665419598 -38.50298451542168 -89.61161717564882 26.43747314170197 -13.068380173313349
36 432 0 0 0 486.5707992485058 101.95637985901827 -54.78576681021024 205.82082208603867 137.37472415238756 9.923757426581332 108.22543350980497 94.14806672214056 43.6213951993386 123.03310539362215 50.38744984403639 -39.806266515996306 -166.5149463787394 55.77916447149625 34.669450152743906 -57.91380796258221 -33.45228273260485 -100.00702444588715 53.959216234587444 -21.494769121836978
37 444 0 0 0 547.7616909185696 79.75614903108612 -60.420747134989256 192.21928455892123 136.28748754508376 30.377428754637286 100.37657644158533 65.008249694467 49.31297444926339 162.0439040720987 83.27559555032344 -66.70519214289136 -195.58899328832658 50.85959637908073 60.70692083462658 -54.984842515226184 -53.66291991964867 -74.91362322247465 71.00807027371049 -54.665517472042836
38 456 0 0 0 615.3358449475152 65.31625422732019 -48.65526297346384 196.9971587184443 181.34425025573105 17.791832169874148 90.03330402535688 29.38011087069816 111.76191307048624 187.51072357285517 110.76914582540189 -86.6537248759796 -204.91457748894857 82.69597100831558 54.49183363809319 -77.92394721877012 -100.62759833597644 -116.91408055188049 45.51242821681736 -67.8052614820438
39 468 0 0 0 662.4698698907299 81.16892993319571 -56.30896163779158 198.54052622629013 161.97471709453635 -23.883642184588176 109.62211484292185 40.36150449936976 115.68076382652102 221.67455661452524 161.46041589056983 -79.13710913211031 -218.33672758157013 18.168136223672263 104.57089563824547 -24.17513921972793 -82.49969503252154 -143.87570320363298 50.772111010911 -46.491221148130975
40 480 0 0 0 740.852366262393 60.54633092974666 -54.336546193371454 240.64411603685457 116.57433620438172 -93.53563616703548 118.20935616779636 79.2458264293164 92.88301251556955 293.5608027493664 102.93265610908746 -55.41561162327868 -287.18447781540254 23.39624346502493 183.46263958678853 -7.008507551682264 -65.60312646155131 -104.95382566832855 66.45507669453112 -9.207822929055439
41 492 0 0 0 857.5938603648475 115.8108013283665 -31.68243351922846 335.95089628897676 102.93971403230178 -75.27093030913454 119.79716078071 84.03536486274184 -5.462172218135137 235.814983091245 36.332623907089484 -67.93373861348903 -360.6673892343718 24.76447156385932 184.43481396959666 37.714597663646586 -114.43391276756839 -27.207527927065016 143.6836868845133 -41.92383326812053
42 504 0 0 0 1019.3222032530351 132.0363182658228 -39.711179574618725 358.048159985463 129.60430689798517 -67.78980546481637 219.66877120346098 95.38662751101658 11.95829989682828 234.23493648552534 36.52048938804091 -68.7657298188109 -428.485137006667 -28.20005449864868 149.45192830300903 66.99519277573339 -131.70411899295448 -67.36250394597978 109.69539205457869 -97.73105368215593
43 516 0 0 0 1151.9807489605428 164.84287938419988 -102.97047819788295 314.10253362560854 69.03102919795774 -26.64176086641872 195.0802958829141 129.20331828343262 56.3067724368216 223.78921773080648 55.2606723248788 -44.945730851884534 -457.7811482396239 37.56131049242585 180.57370983007343 81.52984521394771 -104.54846331466943 -138.38386451501117 120.74000734767576 -147.77770712465363
44 528 0 0 0 1344.717128670432 228.95099418842022 -114.52958908889761 307.290529328278 -21.43314307314948 -180.70504228130227 278.4507983874412 122.63908222591179 79.77489715123384 200.6844040257621 95.68079411216978 -1.469129653221671 -406.75528028310873 39.462095661009116 169.10677546316643 130.97809202887439 -71.12784256749846 -188.4440136401983 68.9958770856742 -54.01448749362251
45 540 0 0 0 1584.5576742363583 271.11345627558995 -94.65612700344778 434.3462489984582 -38.61600808608687 -80.66118962890963 245.24729300923485 162.57836481880761 103.97997509398826 161.3340943029845 56.21920518103658 24.906293019989082 -372.0411877491043 157.34591803013686 254.37728703122593 167.6598587222934 -37.2174258345958 -218.6682975890471 116.56608960470858 29.92355720952233
46 552 0 0 0 1729.2722972577296 428.3674913725865 -114.6136280484822 518.017176406271 -160.296102331817 -122.48788289299297 290.7889912828993 117.69676721740358 102.58462297252174 239.24672852438064 191.61528710974042 69.95943936440412 -454.96265016746975 241.54591808220482 253.54873337162886 318.0751334673913 103.4975747962879 -223.60936241358655 252.9438065185052 165.34569758567184
47 564 0 0 0 1962.257948134449 556.3598941086881 -336.8632419379658 707.1699361513174 -182.5663325124799 -216.6718641556244 344.7071664105361 242.82466446486154 75.8424510184432 278.24505072749696 52.38778002740051 157.50429679037273 -477.05644399036197 239.05117623502395 315.9308251365405 351.02118088167595 44.874749028154454 -252.3725656389615 303.5194256813954 220.80168113839798
48 576 0 0 0 2342.673153071392 531.5084154703316 -434.59077546060485 646.7718427990457 -260.4053336621302 -208.6622466698541 576.0503975039433 267.2058679945732 221.79749937691028 369.59035553638074 91.47930590123875 57.66360972400122 -614.4836180679245 274.49875493623085 233.1602901473975 351.5583009575436 38.72271965924198 -264.32877372767365 370.5269186875916 119.27641854086421
49 588 0 0 0 2426.4131899090967 610.846348049906 -547.2095013253983 550.067582305005 -132.0354746602388 -312.6420772101626 518.4930779285299 332.97610609711006 214.07776904941275 105.70401961416002 66.37659032220674 -113.09671126221718 -803.3197898486575 427.40332508153375 193.4292007453064 369.55971484851057 -3.506210322028913 -343.6051171059943 522.9996265568083 321.6279419412145
50 600 0 0 0 2999.0991695352527 603.218571114599 -850.4755555829337 521.1047314621196 -31.149291604173968 -345.6965811987699 486.0288518923216 160.00616601545255 199.9235368223429 214.84021081343562 157.41295160454715 -305.9391104965363 -937.9275372850435 581.3859417148809 71.7535980817259 245.73522148155845 -99.61151119498334 -322.514277227123 342.92349000494636 374.01588122122337
51 612 0 0 0 3324.672986403984 402.0654911843184 -825.7431016290777 425.84464763265464 160.3374387531769 -224.56514253930294 497.06276079716446 169.86691972161466 125.09721182771573 398.86619760565856 127.91738929302156 -466.01765083373266 -1099.4510709574079 615.9879065448305 -83.47027673554174 106.3735260962998 -129.21143819247038 -330.1482391896029 601.0947439029327 337.9654029531646
52 624 0 0 0 4182.2637547454515 789.3049390834752 -1120.6176087925644 512.6947493850901 -27.17176203677849 -480.49018581934496 799.7717160598557 289.7513769553556 226.97151151214817 588.7995696788689 -41.48256457256531 -410.5127178378235 -1482.0580272034133 900.2160184820794 -208.37963572160854 254.31132631545492 -184.70927382219222 29.805800353948598 620.9536767484474 144.66057930237258
53 636 0 0 0 4695.189964435241 822.2016567280576 -1449.7893918701056 751.2776008128639 54.490825729406026 -326.74133630054183 971.995471837851 85.53790411958488 -80.49055736744336 593.5261532094062 -185.5926230749557 -287.1187760265692 -1628.0141005452585 1040.5929985969588 -134.21386935074614 384.7077302764732 232.78924924074826 148.03734612100615 636.3121220183389 -8.31110177284586
54 648 0 0 0 5187.696048531334 546.7688185489125 -1693.4166024099832 722.9382295254661 222.4887886495198 -405.6714793167577 966.2892202053189 290.13002970014116 -40.441299716535596 460.33848678579983 152.97048948649476 -683.9338183708732 -1788.1011935199301 888.3339129789413 -584.0156974606422 286.0485684236572 332.38011223695594 245.88109801416405 418.15273542669286 -121.67588459675089
55 660 0 0 0 6260.114929108222 423.7116810381202 -1706.0088291497423 925.0375114605338 661.462555669856 -539.7239354742286 1277.7362644444406 436.7440475191925 -203.72961076021994 547.0331963523809 703.6578918428442 -980.9545717342015 -2093.306948817018 1174.8161769860558 -721.1345870438288 588.3523094625895 956.8640333731265 473.07828392274774 675.6943524298398 45.11457570281037
56 672 0 0 0 7024.323155803912 85.00475831777317 -1564.7658410800675 490.4353951031488 300.3973402201738 -379.6748574969813 897.2692365713069 1013.8779332946192 -641.7383757539377 365.8165333502024 595.0324314414611 -1200.6049977758623 -1099.5211106912377 1588.318595049541 -112.92553630004898 823.6436054564535 809.31693633366 211.56518220737001 630.80677378056 180.19342670763092
57 684 0 0 0 8268.833718588048 121.09594403630727 -1533.9361138991653 819.998750356093 756.5391285684525 -399.4292313713025 12.475934698700144 1431.1272086768458 -929.6190039781197 -143.1959428374692 989.3809022807621 -1775.3277485961107 -2084.4591874069088 1772.3727595003816 -559.5514019833677 681.6186319972985 1008.2732599132128 254.75652344001378 1781.202582023866 222.3752032424592
